01000101
01101110
01100011
01101111
01101110
01110100
01110010
01100101
00100000
01000101
01100100
01110101
01100001
01110010
01100100
01101111
00100000
01101110
01101111
00100000
01000110
01100101
01110011
01110100
01101001
01110110
01100001
01101100
00100000
01100100
01100101
00100000
01010010
01101111
01100011
01101011
00100000
01100100
01100101
00100000
00110001
00111001
00111000
00110000
00100000
01101110
01100001
00100000
01000011
01101000
01100001
01110000
01100001
01100100
01100001
00100000
01100100
01101111
01110011
00100000
01010110
01100101
01100001
01100100
01100101
01101001
01110010
01101111
01110011
00100000
01100001
01110011
00100000
00110001
00110110
01101000
00110010
00110000

